Map
c 61 37 64 129
n Env1
t 24 5 11
t 26 5 11
t 28 5 11
t 29 5 11
t 30 5 11
t 24 6 11
t 26 6 11
t 28 6 11
t 30 6 11
t 24 7 11
t 26 7 11
t 28 7 11
t 29 7 11
t 30 7 11
t 24 8 11
t 26 8 11
t 28 8 11
t 24 9 11
t 25 9 11
t 26 9 11
t 28 9 11
t 33 11 3
t 34 11 4
t 35 11 4
t 36 11 4
t 37 11 4
t 38 11 4
t 39 11 4
t 33 12 10
t 34 12 11
t 35 12 11
t 36 12 11
t 37 12 11
t 38 12 11
t 39 12 11
t 23 13 3
t 24 13 4
t 25 13 5
t 53 13 3
t 54 13 4
t 55 13 5
t 2 14 0
t 3 14 1
t 4 14 2
t 22 14 3
t 23 14 11
t 24 14 11
t 25 14 11
t 26 14 5
t 52 14 3
t 53 14 11
t 54 14 11
t 55 14 11
t 56 14 5
t 2 15 7
t 3 15 8
t 4 15 9
t 22 15 10
t 23 15 11
t 24 15 25
t 25 15 11
t 26 15 12
t 52 15 10
t 53 15 11
t 54 15 25
t 55 15 11
t 56 15 12
t 2 16 7
t 3 16 8
t 4 16 9
t 2 17 7
t 3 17 8
t 4 17 9
t 2 18 7
t 3 18 8
t 4 18 9
t 34 18 21
t 2 19 7
t 3 19 8
t 4 19 9
t 2 20 14
t 3 20 15
t 4 20 16
t 20 23 4
t 21 23 4
t 22 23 4
t 23 23 4
t 24 23 4
t 25 23 4
t 26 23 4
t 27 23 4
t 28 23 5
t 20 24 11
t 21 24 11
t 22 24 11
t 23 24 11
t 24 24 11
t 25 24 11
t 26 24 11
t 27 24 11
t 28 24 12
t 27 28 21
t 28 28 21
t 29 28 21
t 30 28 21
t 31 28 21
t 32 28 21
t 33 28 21
t 27 29 21
t 33 29 21
t 27 30 21
t 29 30 17
t 30 30 18
t 31 30 19
t 33 30 21
t 27 31 21
t 29 31 24
t 30 31 25
t 31 31 26
t 33 31 21
t 27 32 21
t 33 32 21
t 27 33 21
t 28 33 21
t 29 33 21
t 30 33 21
t 31 33 21
t 32 33 21
t 33 33 21
EndMap
